17 17
-8e-5 -8e-5 1e-5 1e-5
3.21913428376e-05 0.000108187209316 0.000309329376837 0.000752445134585 0.00155717324561 0.00274162121251 0.00410663773367 0.00523327742846 0.00567374152016 0.00523327742846 0.00410663773367 0.00274162121251 0.00155717324561 0.000752445134585 0.000309329376837 0.000108187209316 3.21913428376e-05
0.000108187209316 0.000363590680841 0.00103958018179 0.00252878358273 0.00523327742846 0.00921391659487 0.0138014023931 0.0175877621327 0.0190680539343 0.0175877621327 0.0138014023931 0.00921391659487 0.00523327742846 0.00252878358273 0.00103958018179 0.000363590680841 0.000108187209316
0.000309329376837 0.00103958018179 0.00297237253683 0.00723030989292 0.0149630113948 0.0263444735893 0.0394610345229 0.0502870120681 0.0545194693374 0.0502870120681 0.0394610345229 0.0263444735893 0.0149630113948 0.00723030989292 0.00297237253683 0.00103958018179 0.000309329376837
0.000752445134585 0.00252878358273 0.00723030989292 0.0175877621327 0.0363975941693 0.0640830534047 0.0959891483183 0.122323388585 0.132618860396 0.122323388585 0.0959891483183 0.0640830534047 0.0363975941693 0.0175877621327 0.00723030989292 0.00252878358273 0.000752445134585
0.00155717324561 0.00523327742846 0.0149630113948 0.0363975941693 0.0753242425794 0.132618860396 0.19864801666 0.253146308298 0.274452623561 0.253146308298 0.19864801666 0.132618860396 0.0753242425794 0.0363975941693 0.0149630113948 0.00523327742846 0.00155717324561
0.00274162121251 0.00921391659487 0.0263444735893 0.0640830534047 0.132618860396 0.233494045614 0.349747606975 0.445699468992 0.48321221592 0.445699468992 0.349747606975 0.233494045614 0.132618860396 0.0640830534047 0.0263444735893 0.00921391659487 0.00274162121251
0.00410663773367 0.0138014023931 0.0394610345229 0.0959891483183 0.19864801666 0.349747606975 0.523882261163 0.667607271524 0.723797113259 0.667607271524 0.523882261163 0.349747606975 0.19864801666 0.0959891483183 0.0394610345229 0.0138014023931 0.00410663773367
0.00523327742846 0.0175877621327 0.0502870120681 0.122323388585 0.253146308298 0.445699468992 0.667607271524 0.850762665647 0.922367966512 0.850762665647 0.667607271524 0.445699468992 0.253146308298 0.122323388585 0.0502870120681 0.0175877621327 0.00523327742846
0.00567374152016 0.0190680539343 0.0545194693374 0.132618860396 0.274452623561 0.48321221592 0.723797113259 0.922367966512 1 0.922367966512 0.723797113259 0.48321221592 0.274452623561 0.132618860396 0.0545194693374 0.0190680539343 0.00567374152016
0.00523327742846 0.0175877621327 0.0502870120681 0.122323388585 0.253146308298 0.445699468992 0.667607271524 0.850762665647 0.922367966512 0.850762665647 0.667607271524 0.445699468992 0.253146308298 0.122323388585 0.0502870120681 0.0175877621327 0.00523327742846
0.00410663773367 0.0138014023931 0.0394610345229 0.0959891483183 0.19864801666 0.349747606975 0.523882261163 0.667607271524 0.723797113259 0.667607271524 0.523882261163 0.349747606975 0.19864801666 0.0959891483183 0.0394610345229 0.0138014023931 0.00410663773367
0.00274162121251 0.00921391659487 0.0263444735893 0.0640830534047 0.132618860396 0.233494045614 0.349747606975 0.445699468992 0.48321221592 0.445699468992 0.349747606975 0.233494045614 0.132618860396 0.0640830534047 0.0263444735893 0.00921391659487 0.00274162121251
0.00155717324561 0.00523327742846 0.0149630113948 0.0363975941693 0.0753242425794 0.132618860396 0.19864801666 0.253146308298 0.274452623561 0.253146308298 0.19864801666 0.132618860396 0.0753242425794 0.0363975941693 0.0149630113948 0.00523327742846 0.00155717324561
0.000752445134585 0.00252878358273 0.00723030989292 0.0175877621327 0.0363975941693 0.0640830534047 0.0959891483183 0.122323388585 0.132618860396 0.122323388585 0.0959891483183 0.0640830534047 0.0363975941693 0.0175877621327 0.00723030989292 0.00252878358273 0.000752445134585
0.000309329376837 0.00103958018179 0.00297237253683 0.00723030989292 0.0149630113948 0.0263444735893 0.0394610345229 0.0502870120681 0.0545194693374 0.0502870120681 0.0394610345229 0.0263444735893 0.0149630113948 0.00723030989292 0.00297237253683 0.00103958018179 0.000309329376837
0.000108187209316 0.000363590680841 0.00103958018179 0.00252878358273 0.00523327742846 0.00921391659487 0.0138014023931 0.0175877621327 0.0190680539343 0.0175877621327 0.0138014023931 0.00921391659487 0.00523327742846 0.00252878358273 0.00103958018179 0.000363590680841 0.000108187209316
3.21913428376e-05 0.000108187209316 0.000309329376837 0.000752445134585 0.00155717324561 0.00274162121251 0.00410663773367 0.00523327742846 0.00567374152016 0.00523327742846 0.00410663773367 0.00274162121251 0.00155717324561 0.000752445134585 0.000309329376837 0.000108187209316 3.21913428376e-05
